time_oct1to10_augmentation_early: 59.0 +/- 11.1355287257
time_oct1to10_augmentation_late: 72.0 +/- 5.09901951359
time_oct1to10_augmentation_selection_early: 60.0 +/- 8.36660026534
time_oct1to10_augmentation_selection_late: 70.0 +/- 8.94427191
time_oct1to10_early: 58.0 +/- 6.78232998313
time_oct1to10_late: 72.0 +/- 5.09901951359
time_oct1to10_selection_early: 64.0 +/- 8.60232526704
time_oct1to10_selection_late: 71.0 +/- 12.0

time_oct0to7_augmentation_late: 69.0 +/- 4.89897948557
timefrequency_oct0to9_augmentation_late: 77.0 +/- 5.09901951359
timefrequency_oct0to9_selection_late: 69.0 +/- 10.677078252
timefrequency_oct0to9_augmentation_selection_late: 69.0 +/- 13.5646599663

timefrequency_oct0to9_late: 79.0 +/- 4.89897948557

timefrequency_oct0to10_augmentation_early: 79.0 +/- 9.69535971483
timefrequency_oct0to9_augmentation_early: 80.0 +/- 8.94427191
timefrequency_oct0to8_augmentation_early: 67.0 +/- 16.6132477258
timefrequency_oct0to7_augmentation_early: 66.0 +/- 10.677078252
timefrequency_oct0to6_augmentation_early: 65.0 +/- 18.1659021246

timefrequency_oct0to9_augmentation_selection_early: 72.0 +/- 13.2664991614
timefrequency_oct0to9_selection_early: 66.0 +/- 10.1980390272

